0.0018129838863387704 0.00096053897868841887 -0.00068213196936994791 -0.0021104442421346903 -0.0031813045497983694 -0.0081629659980535507
0.00096053897868841887 0.00060122826835140586 -0.00031214783666655421 -0.0011268845992162824 -0.0019600081723183393 -0.0055118193849921227
-0.00068213196936994791 -0.00031214783666655421 0.00046087714144960046 0.00085207389201968908 0.00098053156398236752 0.00085445068543776870
-0.0021104442421346903 -0.0011268845992162824 0.00085207389201968908 0.0028525211382657290 0.0037129274569451809 0.0093157673254609108
-0.0031813045497983694 -0.0019600081723183393 0.00098053156398236752 0.0037129274569451809 0.0068332781083881855 0.019925955682992935
-0.0081629659980535507 -0.0055118193849921227 0.00085445068543776870 0.0093157673254609108 0.019925955682992935 0.11669424176216125