  0.000597720 1.85815e-005 -0.000342596 -0.000227329 4.26050e-005 -0.000122282
 1.85815e-005  0.000483497  0.000349161 -2.31424e-005 -0.000776698 -0.000444681
 -0.000342596  0.000349161   0.00161945  0.000331413 -0.000909558  -0.00546805
 -0.000227329 -2.31424e-005  0.000331413  0.000561120 -0.000127220  -0.00212802
 4.26050e-005 -0.000776698 -0.000909558 -0.000127220   0.00180618 -0.000521437
 -0.000122282 -0.000444681  -0.00546805  -0.00212802 -0.000521437    0.0667362
