   0.00131215 6.51643e-005 -0.000258414 -0.000218212 -8.40020e-005  0.000401751
 6.51643e-005  0.000625764  0.000265229 -0.000122216 -0.000796507  -0.00195625
 -0.000258414  0.000265229  0.000766788 1.54153e-006 -0.000577672  -0.00551216
 -0.000218212 -0.000122216 1.54153e-006  0.000433160 -1.98821e-005  -0.00124122
-8.40020e-005 -0.000796507 -0.000577672 -1.98821e-005   0.00153836   0.00134216
  0.000401751  -0.00195625  -0.00551216  -0.00124122   0.00134216     0.157114
