  0.000873616 -6.27834e-005 -0.000210157 -0.000124028 1.24437e-005  0.000967517
-6.27834e-005  0.000378238 5.79398e-005 -0.000134502 -0.000522380 -0.000989769
 -0.000210157 5.79398e-005  0.000517888 1.56729e-005 -0.000313990  -0.00413843
 -0.000124028 -0.000134502 1.56729e-005  0.000493611 -3.02229e-005  -0.00120366
 1.24437e-005 -0.000522380 -0.000313990 -3.02229e-005   0.00130199  0.000485231
  0.000967517 -0.000989769  -0.00413843  -0.00120366  0.000485231     0.176690
