  0.000249746 -8.93631e-005 -0.000131947 -4.07384e-005  0.000112180  0.000699443
-8.93631e-005  0.000305532  0.000142775 -0.000139358 -0.000544917  -0.00177705
 -0.000131947  0.000142775  0.000566943 4.34975e-006 -0.000494637  -0.00576862
-4.07384e-005 -0.000139358 4.34975e-006  0.000368201  0.000120700  -0.00116900
  0.000112180 -0.000544917 -0.000494637  0.000120700   0.00138303   0.00449519
  0.000699443  -0.00177705  -0.00576862  -0.00116900   0.00449519     0.192452
