  0.000235060 2.71866e-007 -5.12583e-005 -9.49445e-005 -0.000119702 -0.000403720
 2.71866e-007  0.000294490 7.69846e-005 -0.000216836 -0.000566559  -0.00162825
-5.12583e-005 7.69846e-005  0.000423542 1.31853e-005 -0.000394885  -0.00499178
-9.49445e-005 -0.000216836 1.31853e-005  0.000442665  0.000326386 -0.000801442
 -0.000119702 -0.000566559 -0.000394885  0.000326386   0.00154652   0.00568363
 -0.000403720  -0.00162825  -0.00499178 -0.000801442   0.00568363     0.210695
